2.005000000000000000e+03 2.435866859624187253e+00
2.015000000000000000e+03 2.454899540015369919e+00
2.025000000000000000e+03 2.412736802514798828e+00
2.035000000000000000e+03 2.288659904584008142e+00
2.045000000000000000e+03 2.314002307016180371e+00
2.055000000000000000e+03 2.367915552489340048e+00
2.065000000000000000e+03 2.180240039312002498e+00
2.074000000000000000e+03 2.323179037902203259e+00
2.078000000000000000e+03 2.210977992371856438e+00
2.085000000000000000e+03 2.179945075503257890e+00
2.095000000000000000e+03 2.251164531689141768e+00
2.105000000000000000e+03 2.237606099681105576e+00
2.115000000000000000e+03 2.156755967461994050e+00
2.125000000000000000e+03 2.185412129988848484e+00
2.135000000000000000e+03 2.147748157329793628e+00
2.145000000000000000e+03 2.131241798991717395e+00
2.155000000000000000e+03 2.107375695313063346e+00
2.165000000000000000e+03 2.066206490065980006e+00
2.175000000000000000e+03 2.039604028654413703e+00
2.185000000000000000e+03 2.020176802979654962e+00
2.195000000000000000e+03 1.998533669905989685e+00
2.205000000000000000e+03 1.967759549282944054e+00
2.215000000000000000e+03 1.923107522637093947e+00
2.225000000000000000e+03 1.900828496784945365e+00
2.235000000000000000e+03 1.899129002443377123e+00
2.245000000000000000e+03 1.868967347524069567e+00
2.255000000000000000e+03 1.823914602657575879e+00
2.265000000000000000e+03 1.802217669166723546e+00
2.275000000000000000e+03 1.789836213070557402e+00
2.285000000000000000e+03 1.789251808963306711e+00
2.295000000000000000e+03 1.761025939391474227e+00
2.305000000000000000e+03 1.767288753282964642e+00
2.315000000000000000e+03 1.747392201606613016e+00
2.325000000000000000e+03 1.703770319342420514e+00
2.335000000000000000e+03 1.682481752620488491e+00
2.345000000000000000e+03 1.633880925365376990e+00
2.355000000000000000e+03 1.631740669535977739e+00
2.365000000000000000e+03 1.573023870030038074e+00
2.375000000000000000e+03 1.561661647959644572e+00
2.385000000000000000e+03 1.519405395011382387e+00
2.395000000000000000e+03 1.511187804082603670e+00
2.405000000000000000e+03 1.492615562825781339e+00
2.415000000000000000e+03 1.484307907738199983e+00
2.425000000000000000e+03 1.498991635629964847e+00
2.435000000000000000e+03 1.483541367280708734e+00
2.445000000000000000e+03 1.486140368650597177e+00
2.455000000000000000e+03 1.479227303748826605e+00
2.465000000000000000e+03 1.458661832581164219e+00
2.475000000000000000e+03 1.433180681263665379e+00
2.485000000000000000e+03 1.398951285806928180e+00
2.495000000000000000e+03 1.381783300071597331e+00
2.505000000000000000e+03 1.397604231507487915e+00
2.513000000000000000e+03 1.331290588734776126e+00
2.518000000000000000e+03 1.317919934080106437e+00
2.525000000000000000e+03 1.310999812225904559e+00
2.535000000000000000e+03 1.314602310711693756e+00
2.545000000000000000e+03 1.304700713954877855e+00
2.555000000000000000e+03 1.325291486539848407e+00
2.565000000000000000e+03 1.292848314943638943e+00
2.575000000000000000e+03 1.298039777520095361e+00
2.585000000000000000e+03 1.277717635924799477e+00
2.595000000000000000e+03 1.258201101223668017e+00
2.605000000000000000e+03 1.235515099169014253e+00
2.615000000000000000e+03 1.205161641673978767e+00
2.625000000000000000e+03 1.215633648920137588e+00
2.635000000000000000e+03 1.250954435049459468e+00
2.645000000000000000e+03 1.291227564753891111e+00
2.655000000000000000e+03 1.327218422637104212e+00
2.665000000000000000e+03 1.254106060929538025e+00
2.675000000000000000e+03 1.262604394120964368e+00
2.685000000000000000e+03 1.261032607666002336e+00
2.695000000000000000e+03 1.208006011385455380e+00
2.705000000000000000e+03 1.219403715026402324e+00
2.715000000000000000e+03 1.170236523196656497e+00
2.725000000000000000e+03 1.150503935729731086e+00
2.735000000000000000e+03 1.163256753085075257e+00
2.745000000000000000e+03 1.094440172359766539e+00
2.755000000000000000e+03 1.115580600554262336e+00
2.765000000000000000e+03 1.148957193702821566e+00
2.775000000000000000e+03 1.181362715040845224e+00
2.785000000000000000e+03 1.151425789354040274e+00
2.795000000000000000e+03 1.113863075477094178e+00
2.805000000000000000e+03 1.112295462109961663e+00
2.815000000000000000e+03 1.158909784751138483e+00
2.825000000000000000e+03 1.177566467725558841e+00
2.835000000000000000e+03 1.143109460824016654e+00
2.845000000000000000e+03 1.102142147446081299e+00
2.855000000000000000e+03 1.040797183623552113e+00
2.865000000000000000e+03 1.119674934942723521e+00
2.875000000000000000e+03 1.137871192291753264e+00
2.885000000000000000e+03 1.116595956595373584e+00
2.895000000000000000e+03 1.130066155229570546e+00
2.910000000000000000e+03 1.183196255353826665e+00
2.930000000000000000e+03 1.143355072335099143e+00
2.950000000000000000e+03 1.122835077163842010e+00
2.970000000000000000e+03 1.130830853389912072e+00
2.990000000000000000e+03 1.125459977942217638e+00
3.010000000000000000e+03 1.129106705423385870e+00
3.030000000000000000e+03 1.126539302682354249e+00
3.050000000000000000e+03 1.130687592730903468e+00
3.070000000000000000e+03 1.137708493223039241e+00
3.090000000000000000e+03 1.136692276173700833e+00
3.110000000000000000e+03 1.150505449860351970e+00
3.130000000000000000e+03 1.130490500099218698e+00
3.150000000000000000e+03 1.124598575828905433e+00
3.170000000000000000e+03 1.141230090060774582e+00
3.190000000000000000e+03 1.099060220971793234e+00
3.210000000000000000e+03 1.125580767642843538e+00
3.230000000000000000e+03 1.080091579152659076e+00
3.250000000000000000e+03 1.152528631013960858e+00
3.270000000000000000e+03 1.196420777783913980e+00
3.290000000000000000e+03 1.188830725299820701e+00
3.310000000000000000e+03 1.179945071577653826e+00
3.330000000000000000e+03 1.183852420081372703e+00
3.350000000000000000e+03 1.176234493542915427e+00
3.370000000000000000e+03 1.115700123996140380e+00
3.390000000000000000e+03 1.144461939100305692e+00
3.410000000000000000e+03 1.150319527724722235e+00
3.430000000000000000e+03 1.155003774763258440e+00
3.450000000000000000e+03 1.133841299730907970e+00
3.470000000000000000e+03 1.140053326708104109e+00
3.490000000000000000e+03 1.170220324666225054e+00
3.510000000000000000e+03 1.191580679244010232e+00
3.530000000000000000e+03 1.160466730176435313e+00
3.550000000000000000e+03 1.213116071709658073e+00
3.570000000000000000e+03 1.117342892153323497e+00
3.590000000000000000e+03 1.123583905223781931e+00
3.610000000000000000e+03 1.186508263806544283e+00
3.630000000000000000e+03 1.237018101192101760e+00
3.640000000000000000e+03 1.265656040266236904e+00
3.650000000000000000e+03 1.151792016991389112e+00
3.670000000000000000e+03 1.143679980699991550e+00
3.690000000000000000e+03 1.338551658683768242e+00
3.710000000000000000e+03 1.597124278525366092e+00
3.730000000000000000e+03 1.579910182240717331e+00
3.750000000000000000e+03 1.516769708323289167e+00
3.770000000000000000e+03 1.366499428214606793e+00
3.790000000000000000e+03 1.194014807849453463e+00
3.810000000000000000e+03 1.100781490100382731e+00
3.830000000000000000e+03 9.275391874739640219e-01
3.850000000000000000e+03 1.081335136140518571e+00
3.870000000000000000e+03 1.122467970234497736e+00
3.890000000000000000e+03 1.100016482226215508e+00
3.910000000000000000e+03 1.159701429007659712e+00
3.930000000000000000e+03 8.420259242650797171e-01
3.950000000000000000e+03 1.002385109733125335e+00
3.970000000000000000e+03 8.146421167651650697e-01
3.990000000000000000e+03 1.122248790619280179e+00
4.010000000000000000e+03 1.142464864925402335e+00
4.030000000000000000e+03 1.119146070344190891e+00
4.050000000000000000e+03 1.109828118178609824e+00
4.070000000000000000e+03 1.122145213682278264e+00
4.090000000000000000e+03 1.246245005077238677e+00
4.110000000000000000e+03 1.177104476176751291e+00
4.130000000000000000e+03 1.163565464239382452e+00
4.150000000000000000e+03 1.097106102856703291e+00
4.170000000000000000e+03 1.045118642278127119e+00
4.190000000000000000e+03 1.002600138610340919e+00
4.210000000000000000e+03 9.999482176706548930e-01
4.230000000000000000e+03 9.759838706221005689e-01
4.250000000000000000e+03 1.026157663744915238e+00
4.270000000000000000e+03 1.035548650598710596e+00
4.290000000000000000e+03 1.081073426927119385e+00
4.310000000000000000e+03 1.112166153322737383e+00
4.330000000000000000e+03 1.359336483483989388e+00
4.350000000000000000e+03 1.332044398758795101e+00
4.370000000000000000e+03 1.358978464836763322e+00
4.390000000000000000e+03 1.174241622837700394e+00
4.410000000000000000e+03 1.120247834172650503e+00
4.430000000000000000e+03 1.120475524248418342e+00
4.450000000000000000e+03 1.110885752678158145e+00
4.470000000000000000e+03 1.154529876983013903e+00
4.490000000000000000e+03 1.158135938109325913e+00
4.510000000000000000e+03 1.254952487025006169e+00
4.530000000000000000e+03 1.121886035185515773e+00
4.550000000000000000e+03 1.143545849618187393e+00
4.570000000000000000e+03 1.205066282994283977e+00
4.590000000000000000e+03 1.147326176960411948e+00
4.610000000000000000e+03 1.166637205232399443e+00
4.630000000000000000e+03 1.140174733451556621e+00
4.650000000000000000e+03 1.149825024248292582e+00
4.670000000000000000e+03 1.185199855008621794e+00
4.690000000000000000e+03 1.161345290503924987e+00
4.710000000000000000e+03 1.129057478048101526e+00
4.730000000000000000e+03 1.168311893601238438e+00
4.750000000000000000e+03 1.201713536004140437e+00
4.770000000000000000e+03 1.231481600846875413e+00
4.790000000000000000e+03 1.325396610495977345e+00
4.810000000000000000e+03 1.502788881380247910e+00
4.830000000000000000e+03 1.759536748643330206e+00
4.850000000000000000e+03 1.879369190531392952e+00
4.870000000000000000e+03 1.827646559124882941e+00
4.890000000000000000e+03 1.879533744647312155e+00
4.910000000000000000e+03 1.819025159670690783e+00
4.930000000000000000e+03 1.890079112429193797e+00
4.950000000000000000e+03 2.209374968713336607e+00
4.970000000000000000e+03 2.555992499974584664e+00
4.990000000000000000e+03 2.749803100284052171e+00
5.010000000000000000e+03 2.687765319334105119e+00
5.030000000000000000e+03 2.413963231240875196e+00
5.050000000000000000e+03 1.931652622479267833e+00
5.070000000000000000e+03 1.545886901604602848e+00
5.090000000000000000e+03 1.231194046111686369e+00
5.110000000000000000e+03 1.128433441519658409e+00
5.130000000000000000e+03 1.055988147477749051e+00
5.150000000000000000e+03 1.010026854678681474e+00
5.170000000000000000e+03 9.420953291615897784e-01
5.190000000000000000e+03 9.624736988931478221e-01
5.210000000000000000e+03 1.016611608515453735e+00
5.230000000000000000e+03 1.065000338624318754e+00
5.250000000000000000e+03 1.101702746673709266e+00
5.270000000000000000e+03 9.917861790022151069e-01
5.290000000000000000e+03 1.107867604161294262e+00
5.310000000000000000e+03 1.159055602193825640e+00
5.330000000000000000e+03 1.043548562982337558e+00
5.350000000000000000e+03 1.122079734325692302e+00
5.370000000000000000e+03 1.117106715071004341e+00
5.390000000000000000e+03 1.092660958255736503e+00
5.410000000000000000e+03 1.073946452859690925e+00
5.430000000000000000e+03 1.086638047326338619e+00
5.450000000000000000e+03 1.111085115217431030e+00
5.470000000000000000e+03 1.087355263300192831e+00
5.490000000000000000e+03 1.091745732653271128e+00
5.510000000000000000e+03 1.082026275542037341e+00
5.530000000000000000e+03 1.107849977247751250e+00
5.550000000000000000e+03 1.121965102355170218e+00
5.570000000000000000e+03 1.099661494069837264e+00
5.590000000000000000e+03 1.066762568481604223e+00
5.610000000000000000e+03 1.099744752906520961e+00
5.630000000000000000e+03 1.089667997495627372e+00
5.650000000000000000e+03 1.098085067495250478e+00
5.670000000000000000e+03 1.076417084014295700e+00
5.690000000000000000e+03 1.104026383028945180e+00
5.710000000000000000e+03 1.076497326168446955e+00
5.730000000000000000e+03 1.150770852124258781e+00
5.750000000000000000e+03 1.112289560304099645e+00
5.770000000000000000e+03 1.126596266353115272e+00
5.790000000000000000e+03 1.097579842426053220e+00
5.810000000000000000e+03 1.152870632647317928e+00
5.830000000000000000e+03 1.209552893494681980e+00
5.850000000000000000e+03 1.214333246531681620e+00
5.870000000000000000e+03 1.238682624453776526e+00
5.890000000000000000e+03 1.136708110517443915e+00
5.910000000000000000e+03 1.181978744167358375e+00
5.930000000000000000e+03 1.144602616375379522e+00
5.950000000000000000e+03 1.113721309807542470e+00
5.970000000000000000e+03 1.109844598461171561e+00
5.990000000000000000e+03 1.088426289159271754e+00
6.010000000000000000e+03 1.073559130853350085e+00
6.030000000000000000e+03 1.095134254121126194e+00
6.050000000000000000e+03 1.111408698948758600e+00
6.070000000000000000e+03 1.108277080652728008e+00
6.090000000000000000e+03 1.074236450392353825e+00
6.110000000000000000e+03 1.077978426050869576e+00
6.130000000000000000e+03 1.026014360343182386e+00
6.150000000000000000e+03 1.043618434764664205e+00
6.170000000000000000e+03 9.992440058125147129e-01
6.190000000000000000e+03 1.047268941762352856e+00
6.210000000000000000e+03 1.038912388150714960e+00
6.230000000000000000e+03 1.011945223615049017e+00
6.250000000000000000e+03 9.869061364517127677e-01
6.270000000000000000e+03 1.037219342195907945e+00
6.290000000000000000e+03 1.059929823206799071e+00
6.310000000000000000e+03 1.039192425362130523e+00
6.330000000000000000e+03 1.050973772622502800e+00
6.350000000000000000e+03 1.048063315848843269e+00
6.370000000000000000e+03 1.038120053515222185e+00
6.390000000000000000e+03 1.049928714396278551e+00
6.410000000000000000e+03 1.029663877822438511e+00
6.430000000000000000e+03 1.042424819016104953e+00
6.450000000000000000e+03 1.073714159844772809e+00
6.470000000000000000e+03 1.191533806274920115e+00
6.490000000000000000e+03 1.484657290426369070e+00
6.510000000000000000e+03 2.102538266748486873e+00
6.530000000000000000e+03 2.895286291594699524e+00
6.550000000000000000e+03 3.545124857731965395e+00
6.570000000000000000e+03 3.656262073342499086e+00
6.590000000000000000e+03 3.298901841120078338e+00
6.610000000000000000e+03 2.541220560492220670e+00
6.630000000000000000e+03 1.823652038885724025e+00
6.650000000000000000e+03 1.391415123146503507e+00
6.670000000000000000e+03 1.205701091617603415e+00
6.690000000000000000e+03 1.200218735376267221e+00
6.710000000000000000e+03 1.182342490523617062e+00
6.730000000000000000e+03 1.196672076753415581e+00
6.750000000000000000e+03 1.138219795508325749e+00
6.770000000000000000e+03 1.083640419689736900e+00
6.790000000000000000e+03 1.023086956870312703e+00
6.810000000000000000e+03 9.942805671456227401e-01
6.830000000000000000e+03 9.893551938848891281e-01
6.850000000000000000e+03 9.629134461453427996e-01
6.870000000000000000e+03 9.755665426636366266e-01
6.890000000000000000e+03 9.869182168597696592e-01
6.910000000000000000e+03 9.847564147862561956e-01
6.930000000000000000e+03 9.787140431156050591e-01
6.950000000000000000e+03 9.770261196096859946e-01
6.970000000000000000e+03 9.868211047539161562e-01
6.990000000000000000e+03 9.856568615413925372e-01
7.010000000000000000e+03 9.734617434117207591e-01
7.030000000000000000e+03 9.964026350081810479e-01
7.050000000000000000e+03 1.000000000000000000e+00
7.070000000000000000e+03 9.896367949253241925e-01
7.090000000000000000e+03 9.927256339279171282e-01
7.110000000000000000e+03 9.985931299366677116e-01
7.130000000000000000e+03 9.947322722899510916e-01
7.150000000000000000e+03 9.862418567451718410e-01
7.170000000000000000e+03 9.698576710223473230e-01
7.190000000000000000e+03 9.221324713014791286e-01
7.210000000000000000e+03 9.218961528659251892e-01
7.230000000000000000e+03 9.242933250261180511e-01
7.250000000000000000e+03 9.275167750880023432e-01
7.270000000000000000e+03 9.328959182922406113e-01
7.290000000000000000e+03 9.230113944235265322e-01
7.310000000000000000e+03 9.493663116083983500e-01
7.330000000000000000e+03 9.522736331936179077e-01
7.350000000000000000e+03 9.567509263112098372e-01
7.370000000000000000e+03 9.727249942342618416e-01
7.390000000000000000e+03 9.517918332252053304e-01
7.410000000000000000e+03 9.445647950086817346e-01
7.430000000000000000e+03 9.612390416875660204e-01
7.450000000000000000e+03 9.610335402714405006e-01
7.470000000000000000e+03 9.695190824806512175e-01
7.490000000000000000e+03 9.656708016132803385e-01
7.510000000000000000e+03 9.730632024094908461e-01
7.530000000000000000e+03 9.837452300280082884e-01
7.550000000000000000e+03 9.888163196881927242e-01
7.570000000000000000e+03 9.805903117383938383e-01
7.590000000000000000e+03 9.604678893022720043e-01
7.610000000000000000e+03 9.466251584606386604e-01
7.630000000000000000e+03 9.369469279299027509e-01
7.650000000000000000e+03 9.260170589830036825e-01
7.670000000000000000e+03 8.934694222561834209e-01
7.690000000000000000e+03 9.171754434687862112e-01
7.710000000000000000e+03 9.094417555262550579e-01
7.730000000000000000e+03 9.195985379522122471e-01
7.750000000000000000e+03 9.156190211177933636e-01
7.770000000000000000e+03 9.256932197693030773e-01
7.790000000000000000e+03 9.216766576459196614e-01
7.810000000000000000e+03 9.142680211904860021e-01
7.830000000000000000e+03 9.047116540475808044e-01
7.850000000000000000e+03 8.939763013402872716e-01
7.870000000000000000e+03 9.012444030645920812e-01
7.890000000000000000e+03 8.897450291919241083e-01
7.910000000000000000e+03 8.720110408781995837e-01
7.930000000000000000e+03 8.709631751357944651e-01
7.950000000000000000e+03 8.669514898477739262e-01
7.970000000000000000e+03 8.892859299569881859e-01
7.990000000000000000e+03 8.886966196194459044e-01
8.010000000000000000e+03 8.926414319786794005e-01
8.030000000000000000e+03 8.959105740827183473e-01
8.050000000000000000e+03 8.942237597023714457e-01
8.070000000000000000e+03 9.015476830616965254e-01
8.090000000000000000e+03 8.928095932921298328e-01
8.110000000000000000e+03 9.005467116743333111e-01
8.130000000000000000e+03 9.184887730628954472e-01
8.150000000000000000e+03 9.254644282875120753e-01
8.170000000000000000e+03 9.291535432119437665e-01
8.190000000000000000e+03 8.968850137070539796e-01
8.210000000000000000e+03 8.930264066501126807e-01
8.230000000000000000e+03 8.897515913352371797e-01
8.250000000000000000e+03 8.787255665463293841e-01
8.270000000000000000e+03 8.751153467279160214e-01
8.290000000000000000e+03 8.652247764503162575e-01
8.310000000000000000e+03 8.413001650734122094e-01
8.330000000000000000e+03 8.365910777638803086e-01
8.350000000000000000e+03 8.384679102011156626e-01
8.370000000000000000e+03 8.423001477862280817e-01
8.390000000000000000e+03 8.173997609103156314e-01
8.410000000000000000e+03 8.408261640383256630e-01
8.430000000000000000e+03 8.117769196075819149e-01
8.450000000000000000e+03 8.044781138733133607e-01
8.470000000000000000e+03 7.986614046033272407e-01
8.490000000000000000e+03 8.055392504325766811e-01
8.510000000000000000e+03 7.748191219200166735e-01
8.530000000000000000e+03 8.049979137274856367e-01
8.550000000000000000e+03 7.592943398217096851e-01
8.570000000000000000e+03 8.206482538105923652e-01
8.590000000000000000e+03 8.068272190882992412e-01
8.610000000000000000e+03 8.104239850838617087e-01
8.630000000000000000e+03 8.244034351885768386e-01
8.650000000000000000e+03 8.243674151254615223e-01
8.670000000000000000e+03 7.606216969544746798e-01
8.690000000000000000e+03 8.008020454823741030e-01
8.710000000000000000e+03 8.246319719557837491e-01
8.730000000000000000e+03 8.285815121595960786e-01
8.750000000000000000e+03 8.163144144486080833e-01
8.770000000000000000e+03 8.343820742317255013e-01
8.790000000000000000e+03 8.396057453869452125e-01
8.810000000000000000e+03 8.255161721940798003e-01
8.830000000000000000e+03 8.336183500124242363e-01
8.850000000000000000e+03 8.311694806508028721e-01
8.870000000000000000e+03 7.958348911473882570e-01
8.890000000000000000e+03 8.096476873871810698e-01
8.910000000000000000e+03 8.188207970329590690e-01
8.930000000000000000e+03 8.073983039925578531e-01
8.950000000000000000e+03 8.125435647122688509e-01
8.970000000000000000e+03 8.294415079292631887e-01
8.990000000000000000e+03 8.647133892395824084e-01
9.010000000000000000e+03 8.997267218109122888e-01
9.030000000000000000e+03 1.014835087404384772e+00
9.050000000000000000e+03 1.121463206460489914e+00
9.070000000000000000e+03 1.153014918873552119e+00
9.090000000000000000e+03 1.098280850909659545e+00
9.110000000000000000e+03 1.020090261813186183e+00
9.130000000000000000e+03 9.443389398627137776e-01
9.150000000000000000e+03 8.801725269033389143e-01
9.170000000000000000e+03 8.507436311621274783e-01
9.190000000000000000e+03 8.489241709744781428e-01
9.210000000000000000e+03 8.244265062821626300e-01
9.230000000000000000e+03 8.054595034157763234e-01
9.250000000000000000e+03 8.033320417277645120e-01
9.270000000000000000e+03 8.034705565187418852e-01
9.290000000000000000e+03 7.896323257622588354e-01
9.310000000000000000e+03 7.875312709169539627e-01
9.330000000000000000e+03 7.826647444782046659e-01
9.350000000000000000e+03 7.777011249475637156e-01
9.370000000000000000e+03 7.658978667799574147e-01
9.390000000000000000e+03 7.750847416342909746e-01
9.410000000000000000e+03 7.655456556522244327e-01
9.430000000000000000e+03 8.067066598730858740e-01
9.450000000000000000e+03 8.589273652673495851e-01
9.470000000000000000e+03 1.011447216593012177e+00
9.490000000000000000e+03 1.232905891122749953e+00
9.510000000000000000e+03 1.456643803866580544e+00
9.530000000000000000e+03 1.582964572369397693e+00
9.550000000000000000e+03 1.499510625745477999e+00
9.570000000000000000e+03 1.301596200499863354e+00
9.590000000000000000e+03 1.076281578089207436e+00
9.610000000000000000e+03 8.969443640281269392e-01
9.630000000000000000e+03 8.129824522533267706e-01
9.650000000000000000e+03 7.683440087451546274e-01
9.670000000000000000e+03 7.562632893771106257e-01
9.690000000000000000e+03 7.626294945493978794e-01
9.710000000000000000e+03 7.549508359504354393e-01
9.730000000000000000e+03 7.478642704255282769e-01
9.750000000000000000e+03 7.429379128622247697e-01
9.770000000000000000e+03 7.455799078187824724e-01
9.790000000000000000e+03 7.352051703470288135e-01
9.810000000000000000e+03 7.528518455258944586e-01
9.830000000000000000e+03 7.469315561341379750e-01
9.850000000000000000e+03 7.519301099611483963e-01
9.870000000000000000e+03 7.492241332644323792e-01
9.890000000000000000e+03 7.503736383831286494e-01
9.910000000000000000e+03 7.438231906621326495e-01
9.930000000000000000e+03 7.494958739748783794e-01
9.950000000000000000e+03 7.537973214701718661e-01
9.970000000000000000e+03 7.583629454574587481e-01
9.990000000000000000e+03 7.572528099429217674e-01
