2.005000000000000000e+03 5.736964432904499311e+00
2.015000000000000000e+03 5.740216172800466587e+00
2.025000000000000000e+03 5.654640502578256900e+00
2.035000000000000000e+03 5.424803271727411058e+00
2.045000000000000000e+03 5.519553226544385183e+00
2.055000000000000000e+03 5.585077364258555832e+00
2.065000000000000000e+03 5.189661973726369837e+00
2.074000000000000000e+03 5.534225207259728663e+00
2.078000000000000000e+03 5.284033051284215965e+00
2.085000000000000000e+03 5.184860697466834090e+00
2.095000000000000000e+03 5.298642894763979427e+00
2.105000000000000000e+03 5.237390695129088058e+00
2.115000000000000000e+03 5.067989140456554686e+00
2.125000000000000000e+03 5.161177468448514105e+00
2.135000000000000000e+03 4.952147534465281886e+00
2.145000000000000000e+03 4.986926169459184877e+00
2.155000000000000000e+03 4.948526699957960240e+00
2.165000000000000000e+03 4.829693974611407370e+00
2.175000000000000000e+03 4.760094895546712834e+00
2.185000000000000000e+03 4.708699736524617485e+00
2.195000000000000000e+03 4.717755468217137427e+00
2.205000000000000000e+03 4.621120606328144476e+00
2.215000000000000000e+03 4.489457597448128112e+00
2.225000000000000000e+03 4.416129801005100219e+00
2.235000000000000000e+03 4.471388907821380876e+00
2.245000000000000000e+03 4.332348220483906331e+00
2.255000000000000000e+03 4.250949755923231876e+00
2.265000000000000000e+03 4.215642149758980217e+00
2.275000000000000000e+03 4.218453265767499794e+00
2.285000000000000000e+03 4.219470658521339068e+00
2.295000000000000000e+03 4.133232132575388462e+00
2.305000000000000000e+03 4.114036950408491045e+00
2.315000000000000000e+03 4.061451610505102394e+00
2.325000000000000000e+03 3.839703111945738545e+00
2.335000000000000000e+03 3.917207729654359927e+00
2.345000000000000000e+03 3.787541871106760549e+00
2.355000000000000000e+03 3.839989246573699777e+00
2.365000000000000000e+03 3.666845874949651751e+00
2.375000000000000000e+03 3.670543996942380538e+00
2.385000000000000000e+03 3.527152776453610361e+00
2.395000000000000000e+03 3.563640006753999057e+00
2.405000000000000000e+03 3.495096657955659492e+00
2.415000000000000000e+03 3.482624113851278569e+00
2.425000000000000000e+03 3.520358763661449064e+00
2.435000000000000000e+03 3.457730900604642166e+00
2.445000000000000000e+03 3.489206045006433943e+00
2.455000000000000000e+03 3.441779856454848741e+00
2.465000000000000000e+03 3.418287680859370958e+00
2.475000000000000000e+03 3.349320190277198961e+00
2.485000000000000000e+03 3.343628118193550325e+00
2.495000000000000000e+03 3.272890022609187710e+00
2.505000000000000000e+03 3.333134079732482657e+00
2.513000000000000000e+03 3.197083215104663978e+00
2.518000000000000000e+03 3.187835747769438566e+00
2.525000000000000000e+03 3.122744686678168957e+00
2.535000000000000000e+03 3.095586114714660830e+00
2.545000000000000000e+03 3.069255703506069466e+00
2.555000000000000000e+03 3.110061297496755195e+00
2.565000000000000000e+03 3.070551296224851789e+00
2.575000000000000000e+03 3.103098626509466662e+00
2.585000000000000000e+03 3.075180190595403040e+00
2.595000000000000000e+03 3.030043949116311808e+00
2.605000000000000000e+03 2.972010490191546950e+00
2.615000000000000000e+03 2.909606035997226225e+00
2.625000000000000000e+03 2.950290830543636389e+00
2.635000000000000000e+03 2.954180541299720186e+00
2.645000000000000000e+03 3.047189320846212635e+00
2.655000000000000000e+03 3.048552772975787750e+00
2.665000000000000000e+03 2.938207920170351706e+00
2.675000000000000000e+03 2.954297945929196700e+00
2.685000000000000000e+03 2.923130261329922597e+00
2.695000000000000000e+03 2.840367111792985622e+00
2.705000000000000000e+03 2.841896877618132145e+00
2.715000000000000000e+03 2.765736996031562978e+00
2.725000000000000000e+03 2.746833129166550425e+00
2.735000000000000000e+03 2.790958252049521082e+00
2.745000000000000000e+03 2.638415540585968166e+00
2.755000000000000000e+03 2.656507530153768837e+00
2.765000000000000000e+03 2.705978926025258691e+00
2.775000000000000000e+03 2.789468304389660425e+00
2.785000000000000000e+03 2.774257632209860436e+00
2.795000000000000000e+03 2.550982384824636462e+00
2.805000000000000000e+03 2.595614187404724049e+00
2.815000000000000000e+03 2.771071135964943366e+00
2.825000000000000000e+03 2.743668222048699867e+00
2.835000000000000000e+03 2.654371310668415695e+00
2.845000000000000000e+03 2.582507658166450781e+00
2.855000000000000000e+03 2.528874161147774302e+00
2.865000000000000000e+03 2.585043300131449229e+00
2.875000000000000000e+03 2.565750486521451101e+00
2.885000000000000000e+03 2.563479195367239782e+00
2.895000000000000000e+03 2.540138166346283199e+00
2.910000000000000000e+03 2.615445827684320435e+00
2.930000000000000000e+03 2.554296541237406348e+00
2.950000000000000000e+03 2.524488886956146150e+00
2.970000000000000000e+03 2.515435587835145093e+00
2.990000000000000000e+03 2.506310400187809151e+00
3.010000000000000000e+03 2.501811714484284632e+00
3.030000000000000000e+03 2.484728830487125784e+00
3.050000000000000000e+03 2.472107551128572833e+00
3.070000000000000000e+03 2.463132924553815606e+00
3.090000000000000000e+03 2.461508942903270380e+00
3.110000000000000000e+03 2.447852579173431131e+00
3.130000000000000000e+03 2.422403620952745307e+00
3.150000000000000000e+03 2.418523453649440214e+00
3.170000000000000000e+03 2.417632224287295628e+00
3.190000000000000000e+03 2.366503729484046747e+00
3.210000000000000000e+03 2.385788583570034760e+00
3.230000000000000000e+03 2.349046686348967850e+00
3.250000000000000000e+03 2.389892595234651917e+00
3.270000000000000000e+03 2.413508906060224835e+00
3.290000000000000000e+03 2.411172604390791729e+00
3.310000000000000000e+03 2.402658574926907598e+00
3.330000000000000000e+03 2.393976255195136016e+00
3.350000000000000000e+03 2.380495507827227630e+00
3.370000000000000000e+03 2.346324471189781491e+00
3.390000000000000000e+03 2.355591033801552658e+00
3.410000000000000000e+03 2.369173387538263675e+00
3.430000000000000000e+03 2.364028748160623028e+00
3.450000000000000000e+03 2.295334498789931121e+00
3.470000000000000000e+03 2.293747786797661892e+00
3.490000000000000000e+03 2.310052908046513753e+00
3.510000000000000000e+03 2.328870289283154094e+00
3.530000000000000000e+03 2.312015090261899886e+00
3.550000000000000000e+03 2.340721831764946081e+00
3.570000000000000000e+03 2.277804601421896891e+00
3.590000000000000000e+03 2.289902275410902632e+00
3.610000000000000000e+03 2.344673106752482639e+00
3.630000000000000000e+03 2.422331456256350268e+00
3.640000000000000000e+03 2.463289825986242132e+00
3.650000000000000000e+03 2.170972250797711833e+00
3.670000000000000000e+03 2.125064996854958199e+00
3.690000000000000000e+03 2.531912589605076924e+00
3.710000000000000000e+03 3.057484082728487262e+00
3.730000000000000000e+03 3.179275075715517040e+00
3.750000000000000000e+03 3.146090591119005353e+00
3.770000000000000000e+03 2.777795349323003649e+00
3.790000000000000000e+03 2.585792243967457882e+00
3.810000000000000000e+03 2.548153552395654664e+00
3.830000000000000000e+03 2.186107756305518457e+00
3.850000000000000000e+03 2.678943603011188834e+00
3.870000000000000000e+03 2.910634298984987822e+00
3.890000000000000000e+03 2.237938941823356842e+00
3.910000000000000000e+03 2.859460606784921310e+00
3.930000000000000000e+03 2.540549856900805814e+00
3.950000000000000000e+03 2.649027221103572138e+00
3.970000000000000000e+03 1.838911340506107051e+00
3.990000000000000000e+03 2.575412367592059493e+00
4.010000000000000000e+03 2.673819009591265505e+00
4.030000000000000000e+03 2.623838232266416881e+00
4.050000000000000000e+03 2.624923706268377011e+00
4.070000000000000000e+03 2.616020958318719281e+00
4.090000000000000000e+03 2.417193170663101576e+00
4.110000000000000000e+03 2.108358900863708918e+00
4.130000000000000000e+03 2.530929016186738156e+00
4.150000000000000000e+03 2.464362070727557974e+00
4.170000000000000000e+03 2.347116154454054193e+00
4.190000000000000000e+03 2.257086020387558456e+00
4.210000000000000000e+03 2.224986866183227718e+00
4.230000000000000000e+03 2.186656630678803559e+00
4.250000000000000000e+03 2.216061745429943386e+00
4.270000000000000000e+03 2.250619479161385161e+00
4.290000000000000000e+03 2.393194767885487462e+00
4.310000000000000000e+03 2.480405854761109197e+00
4.330000000000000000e+03 2.429124848215879595e+00
4.350000000000000000e+03 2.280709342645086402e+00
4.370000000000000000e+03 2.588600377012501674e+00
4.390000000000000000e+03 2.354995271625006659e+00
4.410000000000000000e+03 2.199947241921309082e+00
4.430000000000000000e+03 2.130389885722804522e+00
4.450000000000000000e+03 2.108806252854505736e+00
4.470000000000000000e+03 2.115348434182025894e+00
4.490000000000000000e+03 2.080627710610681635e+00
4.510000000000000000e+03 2.114191344637172065e+00
4.530000000000000000e+03 1.998327581362201233e+00
4.550000000000000000e+03 1.966692165061312059e+00
4.570000000000000000e+03 1.998640906359493652e+00
4.590000000000000000e+03 1.936792164969528995e+00
4.610000000000000000e+03 1.947431466055876692e+00
4.630000000000000000e+03 1.899517394092571365e+00
4.650000000000000000e+03 1.901291083203742627e+00
4.670000000000000000e+03 1.901156855933880063e+00
4.690000000000000000e+03 1.859730919996444243e+00
4.710000000000000000e+03 1.811243552107602017e+00
4.730000000000000000e+03 1.851723090439078234e+00
4.750000000000000000e+03 1.878640361862371488e+00
4.770000000000000000e+03 1.940009011252831428e+00
4.790000000000000000e+03 2.119087744237813986e+00
4.810000000000000000e+03 2.453664143816411514e+00
4.830000000000000000e+03 2.889772444817007013e+00
4.850000000000000000e+03 3.025340990941884911e+00
4.870000000000000000e+03 2.939091884692909051e+00
4.890000000000000000e+03 3.141014615800584053e+00
4.910000000000000000e+03 3.055739394073128778e+00
4.930000000000000000e+03 3.217361183741747510e+00
4.950000000000000000e+03 3.798777539826280858e+00
4.970000000000000000e+03 4.513979902168328451e+00
4.990000000000000000e+03 4.985089596085095387e+00
5.010000000000000000e+03 4.903927266358794057e+00
5.030000000000000000e+03 4.279535943330857961e+00
5.050000000000000000e+03 3.302649832988924672e+00
5.070000000000000000e+03 2.474128629978048721e+00
5.090000000000000000e+03 1.903845789032180713e+00
5.110000000000000000e+03 1.660553867204713541e+00
5.130000000000000000e+03 1.548594807619271485e+00
5.150000000000000000e+03 1.492871780731689135e+00
5.170000000000000000e+03 1.436676109921141808e+00
5.190000000000000000e+03 1.444640388602781433e+00
5.210000000000000000e+03 1.470895382491214987e+00
5.230000000000000000e+03 1.477641851101811898e+00
5.250000000000000000e+03 1.494404642093876134e+00
5.270000000000000000e+03 1.410575139693004409e+00
5.290000000000000000e+03 1.478095580746401350e+00
5.310000000000000000e+03 1.493688285023059947e+00
5.330000000000000000e+03 1.420457240663809628e+00
5.350000000000000000e+03 1.462035919913692972e+00
5.370000000000000000e+03 1.447380755232577254e+00
5.390000000000000000e+03 1.424746390909421123e+00
5.410000000000000000e+03 1.401617530928641608e+00
5.430000000000000000e+03 1.402326889965245016e+00
5.450000000000000000e+03 1.412246828392876186e+00
5.470000000000000000e+03 1.389749157692227843e+00
5.490000000000000000e+03 1.386809327492924293e+00
5.510000000000000000e+03 1.372963951543956673e+00
5.530000000000000000e+03 1.378358753970789552e+00
5.550000000000000000e+03 1.380059770824803245e+00
5.570000000000000000e+03 1.358191392411620679e+00
5.590000000000000000e+03 1.330987590633229356e+00
5.610000000000000000e+03 1.342697830448122076e+00
5.630000000000000000e+03 1.327364169466778154e+00
5.650000000000000000e+03 1.326231600705152447e+00
5.670000000000000000e+03 1.309910924407253541e+00
5.690000000000000000e+03 1.321854603552300222e+00
5.710000000000000000e+03 1.300545877626396063e+00
5.730000000000000000e+03 1.336446305099133980e+00
5.750000000000000000e+03 1.308113748266657606e+00
5.770000000000000000e+03 1.314132041044470789e+00
5.790000000000000000e+03 1.302910755204321980e+00
5.810000000000000000e+03 1.358103773407115522e+00
5.830000000000000000e+03 1.433547685096621560e+00
5.850000000000000000e+03 1.485977843857284597e+00
5.870000000000000000e+03 1.526474162525319977e+00
5.890000000000000000e+03 1.457080538706644557e+00
5.910000000000000000e+03 1.427997373085444721e+00
5.930000000000000000e+03 1.345883238976127938e+00
5.950000000000000000e+03 1.279635746823119202e+00
5.970000000000000000e+03 1.249524329896691155e+00
5.990000000000000000e+03 1.221153785162730321e+00
6.010000000000000000e+03 1.202685478892663529e+00
6.030000000000000000e+03 1.209725609166164784e+00
6.050000000000000000e+03 1.215247263806709999e+00
6.070000000000000000e+03 1.210709245700476222e+00
6.090000000000000000e+03 1.185981507476552288e+00
6.110000000000000000e+03 1.182528936710240730e+00
6.130000000000000000e+03 1.148292516912951422e+00
6.150000000000000000e+03 1.146842202645281361e+00
6.170000000000000000e+03 1.122375533126827252e+00
6.190000000000000000e+03 1.144986749636721424e+00
6.210000000000000000e+03 1.138022350927053283e+00
6.230000000000000000e+03 1.120859970829799046e+00
6.250000000000000000e+03 1.106088532106207500e+00
6.270000000000000000e+03 1.142773481879175712e+00
6.290000000000000000e+03 1.159926839651008068e+00
6.310000000000000000e+03 1.148966790135873328e+00
6.330000000000000000e+03 1.149270431407605209e+00
6.350000000000000000e+03 1.129487757772136725e+00
6.370000000000000000e+03 1.111734627627751548e+00
6.390000000000000000e+03 1.110756093922891541e+00
6.410000000000000000e+03 1.092293947262469089e+00
6.430000000000000000e+03 1.104302831506165372e+00
6.450000000000000000e+03 1.165564558996799782e+00
6.470000000000000000e+03 1.404568227072629849e+00
6.490000000000000000e+03 2.008939203339545010e+00
6.510000000000000000e+03 3.197337548348075487e+00
6.530000000000000000e+03 4.773090448763959159e+00
6.550000000000000000e+03 6.066856318956286742e+00
6.570000000000000000e+03 6.327358718370488688e+00
6.590000000000000000e+03 5.588854501197189073e+00
6.610000000000000000e+03 4.071887762396119825e+00
6.630000000000000000e+03 2.653947404010647659e+00
6.650000000000000000e+03 1.793887433611274229e+00
6.670000000000000000e+03 1.449119424388317867e+00
6.690000000000000000e+03 1.415319540677610455e+00
6.710000000000000000e+03 1.426175054921875240e+00
6.730000000000000000e+03 1.421081366586926631e+00
6.750000000000000000e+03 1.324038871982655241e+00
6.770000000000000000e+03 1.204499824531211960e+00
6.790000000000000000e+03 1.092566078194785684e+00
6.810000000000000000e+03 1.025851367237826439e+00
6.830000000000000000e+03 9.984095187982203745e-01
6.850000000000000000e+03 9.737279233089630726e-01
6.870000000000000000e+03 9.769166071193517986e-01
6.890000000000000000e+03 9.802750813816528686e-01
6.910000000000000000e+03 9.731436048572215114e-01
6.930000000000000000e+03 9.629259848173689074e-01
6.950000000000000000e+03 9.562112331693464196e-01
6.970000000000000000e+03 9.595323303276247495e-01
6.990000000000000000e+03 9.600156740912441089e-01
7.010000000000000000e+03 9.552866754051636544e-01
7.030000000000000000e+03 9.810271451074451532e-01
7.050000000000000000e+03 1.000000000000000000e+00
7.070000000000000000e+03 1.015589767602325111e+00
7.090000000000000000e+03 1.046978057237959447e+00
7.110000000000000000e+03 1.079768938017274138e+00
7.130000000000000000e+03 1.096232557154009024e+00
7.150000000000000000e+03 1.079355599706173230e+00
7.170000000000000000e+03 1.031636356366273155e+00
7.190000000000000000e+03 9.575098937857112746e-01
7.210000000000000000e+03 9.222908383979862013e-01
7.230000000000000000e+03 9.021447610312447463e-01
7.250000000000000000e+03 8.933512877632733273e-01
7.270000000000000000e+03 8.931649368894911678e-01
7.290000000000000000e+03 8.871697733870359537e-01
7.310000000000000000e+03 9.028448718986309407e-01
7.330000000000000000e+03 9.032056916068624819e-01
7.350000000000000000e+03 9.022366907819856507e-01
7.370000000000000000e+03 9.065096021556815487e-01
7.390000000000000000e+03 8.900421664621965823e-01
7.410000000000000000e+03 8.798504488973423188e-01
7.430000000000000000e+03 8.833375584996003838e-01
7.450000000000000000e+03 8.795022374938841203e-01
7.470000000000000000e+03 8.820173037214470435e-01
7.490000000000000000e+03 8.794491890985809412e-01
7.510000000000000000e+03 8.813359980040650354e-01
7.530000000000000000e+03 8.850912762927060085e-01
7.550000000000000000e+03 8.876652438366744446e-01
7.570000000000000000e+03 8.828360877961389797e-01
7.590000000000000000e+03 8.708556268909587450e-01
7.610000000000000000e+03 8.612245648406009479e-01
7.630000000000000000e+03 8.544841426823643893e-01
7.650000000000000000e+03 8.464749952750089124e-01
7.670000000000000000e+03 8.286226669492980923e-01
7.690000000000000000e+03 8.460418070675492785e-01
7.710000000000000000e+03 8.485179574401030544e-01
7.730000000000000000e+03 8.628263825651543151e-01
7.750000000000000000e+03 8.655984483430032572e-01
7.770000000000000000e+03 8.648180265500395869e-01
7.790000000000000000e+03 8.556068618399133019e-01
7.810000000000000000e+03 8.393006890869418868e-01
7.830000000000000000e+03 8.249336970478283737e-01
7.850000000000000000e+03 8.112820865192653663e-01
7.870000000000000000e+03 8.062063852313239298e-01
7.890000000000000000e+03 7.918146860791810404e-01
7.910000000000000000e+03 7.758200332592759541e-01
7.930000000000000000e+03 7.724830906104430683e-01
7.950000000000000000e+03 7.683882674131568002e-01
7.970000000000000000e+03 7.819941608424071378e-01
7.990000000000000000e+03 7.798840878955555223e-01
8.010000000000000000e+03 7.836418302407412995e-01
8.030000000000000000e+03 7.838931729125121484e-01
8.050000000000000000e+03 7.790486417494603133e-01
8.070000000000000000e+03 7.783507897847486978e-01
8.090000000000000000e+03 7.689474424923739004e-01
8.110000000000000000e+03 7.706939244062220862e-01
8.130000000000000000e+03 7.775240487936856404e-01
8.150000000000000000e+03 7.781971412131512000e-01
8.170000000000000000e+03 7.790173856452060619e-01
8.190000000000000000e+03 7.613291878002459434e-01
8.210000000000000000e+03 7.608151855720871604e-01
8.230000000000000000e+03 7.493359889893311809e-01
8.250000000000000000e+03 7.245001895055040997e-01
8.270000000000000000e+03 7.094926542592256968e-01
8.290000000000000000e+03 7.003629561928519376e-01
8.310000000000000000e+03 6.838372184629651906e-01
8.330000000000000000e+03 6.791192798984568846e-01
8.350000000000000000e+03 6.801537997656394996e-01
8.370000000000000000e+03 6.805751819388352608e-01
8.390000000000000000e+03 6.638400519796714416e-01
8.410000000000000000e+03 6.744024318239538740e-01
8.430000000000000000e+03 6.588097567094701734e-01
8.450000000000000000e+03 6.558338308901952018e-01
8.470000000000000000e+03 6.467301835541133803e-01
8.490000000000000000e+03 6.561224907028099240e-01
8.510000000000000000e+03 6.245011329278897794e-01
8.530000000000000000e+03 6.560061933239560439e-01
8.550000000000000000e+03 6.135514696219659392e-01
8.570000000000000000e+03 6.719615515277297391e-01
8.590000000000000000e+03 6.470238210612113683e-01
8.610000000000000000e+03 6.440413422670466792e-01
8.630000000000000000e+03 6.755562451229546461e-01
8.650000000000000000e+03 6.646474221445413111e-01
8.670000000000000000e+03 6.017110874681869115e-01
8.690000000000000000e+03 6.521069082105102055e-01
8.710000000000000000e+03 6.719240153389488546e-01
8.730000000000000000e+03 6.632091479900248387e-01
8.750000000000000000e+03 6.196967291030537339e-01
8.770000000000000000e+03 6.561291800241759731e-01
8.790000000000000000e+03 6.739045863936407033e-01
8.810000000000000000e+03 6.669935441954150113e-01
8.830000000000000000e+03 6.656301395438347646e-01
8.850000000000000000e+03 6.440660156549828930e-01
8.870000000000000000e+03 6.057141946858737303e-01
8.890000000000000000e+03 6.509117720675554608e-01
8.910000000000000000e+03 6.658782022378881837e-01
8.930000000000000000e+03 6.628631187815827719e-01
8.950000000000000000e+03 6.721679016689379171e-01
8.970000000000000000e+03 6.970176866391137871e-01
8.990000000000000000e+03 7.522383995883870078e-01
9.010000000000000000e+03 8.259381741862141801e-01
9.030000000000000000e+03 1.027812347236969792e+00
9.050000000000000000e+03 1.231333183252595331e+00
9.070000000000000000e+03 1.300745947513414658e+00
9.090000000000000000e+03 1.213237178437454267e+00
9.110000000000000000e+03 1.041578489223778714e+00
9.130000000000000000e+03 8.650670309154380178e-01
9.150000000000000000e+03 7.378266066514391763e-01
9.170000000000000000e+03 6.764474654335550508e-01
9.190000000000000000e+03 6.598069233256523836e-01
9.210000000000000000e+03 6.385522761386910329e-01
9.230000000000000000e+03 6.045449705184759992e-01
9.250000000000000000e+03 6.279537393775338483e-01
9.270000000000000000e+03 6.321373707341094716e-01
9.290000000000000000e+03 6.235662189634884056e-01
9.310000000000000000e+03 6.174017932294574296e-01
9.330000000000000000e+03 6.106009380983590251e-01
9.350000000000000000e+03 6.049719650015246142e-01
9.370000000000000000e+03 5.957980999662033650e-01
9.390000000000000000e+03 5.988815305236121489e-01
9.410000000000000000e+03 5.977499519949592832e-01
9.430000000000000000e+03 6.516928683847631465e-01
9.450000000000000000e+03 7.709200029969482948e-01
9.470000000000000000e+03 1.054362264252847847e+00
9.490000000000000000e+03 1.492535934068152770e+00
9.510000000000000000e+03 1.950465460221021852e+00
9.530000000000000000e+03 2.185853986384110659e+00
9.550000000000000000e+03 2.024489805306362467e+00
9.570000000000000000e+03 1.636687002216256070e+00
9.590000000000000000e+03 1.182501999792698655e+00
9.610000000000000000e+03 8.411616467607545555e-01
9.630000000000000000e+03 6.670222817609845478e-01
9.650000000000000000e+03 5.962269875945703790e-01
9.670000000000000000e+03 5.738821653246837240e-01
9.690000000000000000e+03 5.726583941111735854e-01
9.710000000000000000e+03 5.677594872986532204e-01
9.730000000000000000e+03 5.648410978395277393e-01
9.750000000000000000e+03 5.630071793590452067e-01
9.770000000000000000e+03 5.646328126019429794e-01
9.790000000000000000e+03 5.603259807075138266e-01
9.810000000000000000e+03 5.699066020538555710e-01
9.830000000000000000e+03 5.675587702111414279e-01
9.850000000000000000e+03 5.700677634134397875e-01
9.870000000000000000e+03 5.690971935997983788e-01
9.890000000000000000e+03 5.705486417767112739e-01
9.910000000000000000e+03 5.706423200830531561e-01
9.930000000000000000e+03 5.760803397135674242e-01
9.950000000000000000e+03 5.800766326202397849e-01
9.970000000000000000e+03 5.827697103094295894e-01
9.990000000000000000e+03 5.822544254946626641e-01
