2.005000000000000000e+03 1.913251059797102874e-02
2.015000000000000000e+03 1.925879197327283465e-02
2.025000000000000000e+03 1.814845545517200509e-02
2.035000000000000000e+03 1.951869304119322260e-02
2.045000000000000000e+03 2.090437778156414156e-02
2.055000000000000000e+03 1.980525995428492753e-02
2.065000000000000000e+03 1.943745607460930364e-02
2.074000000000000000e+03 2.184499076813551516e-02
2.078000000000000000e+03 2.944970998302491594e-02
2.085000000000000000e+03 3.412105344200084406e-02
2.095000000000000000e+03 3.147737872630162331e-02
2.105000000000000000e+03 3.017087124673621668e-02
2.115000000000000000e+03 3.273096082864736245e-02
2.125000000000000000e+03 3.019409642952046446e-02
2.135000000000000000e+03 2.833990534726151672e-02
2.145000000000000000e+03 3.345421838879707871e-02
2.155000000000000000e+03 3.392562101874069258e-02
2.165000000000000000e+03 3.052815468984078351e-02
2.175000000000000000e+03 3.086984947865591827e-02
2.185000000000000000e+03 3.602364120188600999e-02
2.195000000000000000e+03 3.622236836557310435e-02
2.205000000000000000e+03 3.515656001087779509e-02
2.215000000000000000e+03 2.853239856729538476e-02
2.225000000000000000e+03 3.135207900732486785e-02
2.235000000000000000e+03 3.953523166316814941e-02
2.245000000000000000e+03 3.788000650827474947e-02
2.255000000000000000e+03 3.006387409021019086e-02
2.265000000000000000e+03 2.881512003555111376e-02
2.275000000000000000e+03 3.147114314374636207e-02
2.285000000000000000e+03 3.967570964337817363e-02
2.295000000000000000e+03 3.325580029799720533e-02
2.305000000000000000e+03 3.952665815360932589e-02
2.315000000000000000e+03 3.424115821760932016e-02
2.325000000000000000e+03 2.703467231806965659e-02
2.335000000000000000e+03 2.512118920529409632e-02
2.345000000000000000e+03 1.880835387072096743e-02
2.355000000000000000e+03 3.123612630914063965e-02
2.365000000000000000e+03 2.017762819143332359e-02
2.375000000000000000e+03 2.481103162987487870e-02
2.385000000000000000e+03 1.671009479513820700e-02
2.395000000000000000e+03 1.969762742242506942e-02
2.405000000000000000e+03 1.973297354716608762e-02
2.415000000000000000e+03 2.255190594358406214e-02
2.425000000000000000e+03 3.569694062773978716e-02
2.435000000000000000e+03 3.606510383881584431e-02
2.445000000000000000e+03 4.224763618065574544e-02
2.455000000000000000e+03 4.482150870139695042e-02
2.465000000000000000e+03 3.867369577178243756e-02
2.475000000000000000e+03 3.454892452199505304e-02
2.485000000000000000e+03 2.371340503094893082e-02
2.495000000000000000e+03 2.605523175338010644e-02
2.505000000000000000e+03 4.059869003565802492e-02
2.513000000000000000e+03 1.944916024894316475e-02
2.518000000000000000e+03 1.610887378059019936e-02
2.525000000000000000e+03 1.781275114630283610e-02
2.535000000000000000e+03 2.689409280423920440e-02
2.545000000000000000e+03 2.846161918834577698e-02
2.555000000000000000e+03 5.019498970746648359e-02
2.565000000000000000e+03 3.728176781870402856e-02
2.575000000000000000e+03 4.758626287597922389e-02
2.585000000000000000e+03 4.210891627018824301e-02
2.595000000000000000e+03 3.779912706294798891e-02
2.605000000000000000e+03 3.294238279756624838e-02
2.615000000000000000e+03 2.963373006664133530e-02
2.625000000000000000e+03 4.060460266563468978e-02
2.635000000000000000e+03 7.065601884922495524e-02
2.645000000000000000e+03 9.527747684585263777e-02
2.655000000000000000e+03 1.345765306883039414e-01
2.665000000000000000e+03 8.294155874678312002e-02
2.675000000000000000e+03 9.484357416623828696e-02
2.685000000000000000e+03 1.105975786879812572e-01
2.695000000000000000e+03 7.917849469992430111e-02
2.705000000000000000e+03 9.943968517995158130e-02
2.715000000000000000e+03 7.134787845003520701e-02
2.725000000000000000e+03 5.640313838627152021e-02
2.735000000000000000e+03 7.182099957880025420e-02
2.745000000000000000e+03 4.000699651659077316e-02
2.755000000000000000e+03 5.480693466865085850e-02
2.765000000000000000e+03 7.225279134077658427e-02
2.775000000000000000e+03 7.767314026730721965e-02
2.785000000000000000e+03 4.572013086927201320e-02
2.795000000000000000e+03 2.104976129069722340e-02
2.805000000000000000e+03 2.524628834724019708e-02
2.815000000000000000e+03 6.778746300699177441e-02
2.825000000000000000e+03 1.006769441833110790e-01
2.835000000000000000e+03 9.412517931514871594e-02
2.845000000000000000e+03 6.924553926494712852e-02
2.855000000000000000e+03 4.150227590046349363e-02
2.865000000000000000e+03 9.433995946319599646e-02
2.875000000000000000e+03 1.290132485308222443e-01
2.885000000000000000e+03 1.178685031711576708e-01
2.895000000000000000e+03 1.468835487831968156e-01
2.910000000000000000e+03 2.020217029751612547e-01
2.930000000000000000e+03 1.742234857336972809e-01
2.950000000000000000e+03 1.592100418141874640e-01
2.970000000000000000e+03 1.671317420745951077e-01
2.990000000000000000e+03 1.697378526644487962e-01
3.010000000000000000e+03 1.696286986634586991e-01
3.030000000000000000e+03 1.824818573746180839e-01
3.050000000000000000e+03 1.905072371193917147e-01
3.070000000000000000e+03 2.115706774217215869e-01
3.090000000000000000e+03 2.057267083807723662e-01
3.110000000000000000e+03 2.421837650464848668e-01
3.130000000000000000e+03 2.222133834822768439e-01
3.150000000000000000e+03 2.242103432233660265e-01
3.170000000000000000e+03 2.478688353890427520e-01
3.190000000000000000e+03 2.119753330644109646e-01
3.210000000000000000e+03 2.349516016887846781e-01
3.230000000000000000e+03 1.963799062266667894e-01
3.250000000000000000e+03 2.814735950545637078e-01
3.270000000000000000e+03 3.310372446815759151e-01
3.290000000000000000e+03 3.252749763301464037e-01
3.310000000000000000e+03 3.020214318616890603e-01
3.330000000000000000e+03 3.120769953585178502e-01
3.350000000000000000e+03 3.004587776387194764e-01
3.370000000000000000e+03 2.225854544832237547e-01
3.390000000000000000e+03 2.532283059470904485e-01
3.410000000000000000e+03 2.592219125235836197e-01
3.430000000000000000e+03 2.738194926314028721e-01
3.450000000000000000e+03 2.875888957601945850e-01
3.470000000000000000e+03 2.976549862557569259e-01
3.490000000000000000e+03 3.375983060568061855e-01
3.510000000000000000e+03 3.617598128685419745e-01
3.530000000000000000e+03 3.227736715117002775e-01
3.550000000000000000e+03 3.748283730007177517e-01
3.570000000000000000e+03 2.518537817943318213e-01
3.590000000000000000e+03 2.584748555137087456e-01
3.610000000000000000e+03 3.270576149499281882e-01
3.630000000000000000e+03 3.459312697480350085e-01
3.640000000000000000e+03 3.603823549134929638e-01
3.650000000000000000e+03 4.111685962126404581e-01
3.670000000000000000e+03 4.354012029741565204e-01
3.690000000000000000e+03 3.887371509686894377e-01
3.710000000000000000e+03 4.141105082473793275e-01
3.730000000000000000e+03 2.751480184072361279e-01
3.750000000000000000e+03 3.158094940861715383e-01
3.770000000000000000e+03 4.058272203945592627e-01
3.790000000000000000e+03 4.197426656243652965e-01
3.810000000000000000e+03 3.983899246094507740e-01
3.830000000000000000e+03 2.319136336600712833e-01
3.850000000000000000e+03 3.179844260550567236e-01
3.870000000000000000e+03 3.188738353417486793e-01
3.890000000000000000e+03 3.842588953771381988e-01
3.910000000000000000e+03 4.718207037571718887e-01
3.930000000000000000e+03 2.323284662981540127e-01
3.950000000000000000e+03 4.064772011424947484e-01
3.970000000000000000e+03 2.799981138863472108e-01
3.990000000000000000e+03 6.050978734049929919e-01
4.010000000000000000e+03 6.665608528001840671e-01
4.030000000000000000e+03 6.573378573800183755e-01
4.050000000000000000e+03 6.303536305643842041e-01
4.070000000000000000e+03 5.913546463947580989e-01
4.090000000000000000e+03 7.254956935615579638e-01
4.110000000000000000e+03 6.762166285762057916e-01
4.130000000000000000e+03 6.659578995073912600e-01
4.150000000000000000e+03 6.505976324127260568e-01
4.170000000000000000e+03 6.636436982477345037e-01
4.190000000000000000e+03 6.448489065687416089e-01
4.210000000000000000e+03 6.587929583514415821e-01
4.230000000000000000e+03 6.342973471863360135e-01
4.250000000000000000e+03 6.701108591715578822e-01
4.270000000000000000e+03 6.291138878055607675e-01
4.290000000000000000e+03 5.855588380101044432e-01
4.310000000000000000e+03 5.115696584157644056e-01
4.330000000000000000e+03 7.314607466976441597e-01
4.350000000000000000e+03 7.212701960676919377e-01
4.370000000000000000e+03 7.900741158940532971e-01
4.390000000000000000e+03 6.993593505605956162e-01
4.410000000000000000e+03 7.435298775903984581e-01
4.430000000000000000e+03 8.080028543591835088e-01
4.450000000000000000e+03 8.092216187653697990e-01
4.470000000000000000e+03 8.686206898153184808e-01
4.490000000000000000e+03 8.860929780414905643e-01
4.510000000000000000e+03 1.014857788463102706e+00
4.530000000000000000e+03 8.799221663106830960e-01
4.550000000000000000e+03 9.249690573865940735e-01
4.570000000000000000e+03 9.980020472003411358e-01
4.590000000000000000e+03 9.413673808333392623e-01
4.610000000000000000e+03 9.638869167909502877e-01
4.630000000000000000e+03 9.442882410068509369e-01
4.650000000000000000e+03 9.525363849734641564e-01
4.670000000000000000e+03 9.997603399054658668e-01
4.690000000000000000e+03 9.787993221305311131e-01
4.710000000000000000e+03 9.528104172516728143e-01
4.730000000000000000e+03 9.868626940233483635e-01
4.750000000000000000e+03 1.014013316813366261e+00
4.770000000000000000e+03 1.000191463750608190e+00
4.790000000000000000e+03 9.979088803417657250e-01
4.810000000000000000e+03 9.995207749080743387e-01
4.830000000000000000e+03 1.026011813387177618e+00
4.850000000000000000e+03 9.737413170494120251e-01
4.870000000000000000e+03 8.842193904564618068e-01
4.890000000000000000e+03 9.877119819372676135e-01
4.910000000000000000e+03 9.928271625310740589e-01
4.930000000000000000e+03 9.714892828444969819e-01
4.950000000000000000e+03 1.012836262578344249e+00
4.970000000000000000e+03 9.866805502178032095e-01
4.990000000000000000e+03 9.135519777759675275e-01
5.010000000000000000e+03 8.650978550723874561e-01
5.030000000000000000e+03 9.222137135524469675e-01
5.050000000000000000e+03 9.207142340262850499e-01
5.070000000000000000e+03 9.674270711689104685e-01
5.090000000000000000e+03 9.155718775635035556e-01
5.110000000000000000e+03 9.398947510149029405e-01
5.130000000000000000e+03 9.126254527656660898e-01
5.150000000000000000e+03 8.692368295156982505e-01
5.170000000000000000e+03 7.803064928312389847e-01
5.190000000000000000e+03 8.122295425380354761e-01
5.210000000000000000e+03 8.865562845923841140e-01
5.230000000000000000e+03 9.543200653736358952e-01
5.250000000000000000e+03 1.004443245641375659e+00
5.270000000000000000e+03 8.799901522894469919e-01
5.290000000000000000e+03 1.023701999775742166e+00
5.310000000000000000e+03 1.091469098002467941e+00
5.330000000000000000e+03 9.556516714551368530e-01
5.350000000000000000e+03 1.048075745762157229e+00
5.370000000000000000e+03 1.045976898351829609e+00
5.390000000000000000e+03 1.022365045964745978e+00
5.410000000000000000e+03 1.002257612901406025e+00
5.430000000000000000e+03 1.013677340025700868e+00
5.450000000000000000e+03 1.035217180747548760e+00
5.470000000000000000e+03 1.015361979358592182e+00
5.490000000000000000e+03 1.023871841539196081e+00
5.510000000000000000e+03 1.010726066874185314e+00
5.530000000000000000e+03 1.049173137178300852e+00
5.550000000000000000e+03 1.069894661762373023e+00
5.570000000000000000e+03 1.048392251172701295e+00
5.590000000000000000e+03 1.005134110041312923e+00
5.610000000000000000e+03 1.046971245657707827e+00
5.630000000000000000e+03 1.039254035609247673e+00
5.650000000000000000e+03 1.054310947765204176e+00
5.670000000000000000e+03 1.033215504249057393e+00
5.690000000000000000e+03 1.067157943414379639e+00
5.710000000000000000e+03 1.036825753944723649e+00
5.730000000000000000e+03 1.126181735516491145e+00
5.750000000000000000e+03 1.084281138669471511e+00
5.770000000000000000e+03 1.097909900734941546e+00
5.790000000000000000e+03 1.057169871871102673e+00
5.810000000000000000e+03 1.099230137068000435e+00
5.830000000000000000e+03 1.124948077722716544e+00
5.850000000000000000e+03 1.085227582962668302e+00
5.870000000000000000e+03 1.085282598595377568e+00
5.890000000000000000e+03 9.790464753505262463e-01
5.910000000000000000e+03 1.066285616290142402e+00
5.930000000000000000e+03 1.067694781175712038e+00
5.950000000000000000e+03 1.068112871002548037e+00
5.970000000000000000e+03 1.084423291245072196e+00
5.990000000000000000e+03 1.071792178590628808e+00
6.010000000000000000e+03 1.059835189595183635e+00
6.030000000000000000e+03 1.089078510988798598e+00
6.050000000000000000e+03 1.110709963019394619e+00
6.070000000000000000e+03 1.109503847334694315e+00
6.090000000000000000e+03 1.073947394948942424e+00
6.110000000000000000e+03 1.083355398405676517e+00
6.130000000000000000e+03 1.019969851165163810e+00
6.150000000000000000e+03 1.038033229116045231e+00
6.170000000000000000e+03 9.789327726555285825e-01
6.190000000000000000e+03 1.034845976358492514e+00
6.210000000000000000e+03 1.025240724398438719e+00
6.230000000000000000e+03 9.916291671993343604e-01
6.250000000000000000e+03 9.615547792323108078e-01
6.270000000000000000e+03 1.010481001956238689e+00
6.290000000000000000e+03 1.031589901563370271e+00
6.310000000000000000e+03 1.009395637424019609e+00
6.330000000000000000e+03 1.028545578583161202e+00
6.350000000000000000e+03 1.038278569750879843e+00
6.370000000000000000e+03 1.036041793605015249e+00
6.390000000000000000e+03 1.052540368400588511e+00
6.410000000000000000e+03 1.034384953162452714e+00
6.430000000000000000e+03 1.042086594900756280e+00
6.450000000000000000e+03 1.039951899880996677e+00
6.470000000000000000e+03 1.034656326892171352e+00
6.490000000000000000e+03 1.016977053022913191e+00
6.510000000000000000e+03 1.056998774131029606e+00
6.530000000000000000e+03 1.059721450085447270e+00
6.550000000000000000e+03 1.031298276181075391e+00
6.570000000000000000e+03 9.710657219567123688e-01
6.590000000000000000e+03 1.033947578567089742e+00
6.610000000000000000e+03 1.046384239892736101e+00
6.630000000000000000e+03 1.029601862771533982e+00
6.650000000000000000e+03 1.022464895510193372e+00
6.670000000000000000e+03 9.988131765861034683e-01
6.690000000000000000e+03 1.016576968192113739e+00
6.710000000000000000e+03 9.759354170186848032e-01
6.730000000000000000e+03 1.001184070011484240e+00
6.750000000000000000e+03 9.844989495117810741e-01
6.770000000000000000e+03 9.920223368670388897e-01
6.790000000000000000e+03 9.838538747881329094e-01
6.810000000000000000e+03 9.879517101652571798e-01
6.830000000000000000e+03 1.000142767799899302e+00
6.850000000000000000e+03 9.765548676111304172e-01
6.870000000000000000e+03 9.930784220865793710e-01
6.890000000000000000e+03 1.007475429384579124e+00
6.910000000000000000e+03 1.008307636150627795e+00
6.930000000000000000e+03 1.002535287322428026e+00
6.950000000000000000e+03 1.003575842371521532e+00
6.970000000000000000e+03 1.017461475545681449e+00
6.990000000000000000e+03 1.016366184921741134e+00
7.010000000000000000e+03 1.001946143302776093e+00
7.030000000000000000e+03 1.019033994894794404e+00
7.050000000000000000e+03 1.000000000000000000e+00
7.070000000000000000e+03 9.661038100757958214e-01
7.090000000000000000e+03 9.429331451855333945e-01
7.110000000000000000e+03 9.244231618682883234e-01
7.130000000000000000e+03 9.042729656774119995e-01
7.150000000000000000e+03 9.025314851926622417e-01
7.170000000000000000e+03 9.147654525125918923e-01
7.190000000000000000e+03 8.950156223941050371e-01
7.210000000000000000e+03 9.228806133706957127e-01
7.230000000000000000e+03 9.421719688206930954e-01
7.250000000000000000e+03 9.521592785170084339e-01
7.270000000000000000e+03 9.601322844818734881e-01
7.290000000000000000e+03 9.495033325797409551e-01
7.310000000000000000e+03 9.838357277428662062e-01
7.330000000000000000e+03 9.862092095963436167e-01
7.350000000000000000e+03 9.988838780040063536e-01
7.370000000000000000e+03 1.027251424130906532e+00
7.390000000000000000e+03 1.006725427290646513e+00
7.410000000000000000e+03 1.005502184748942041e+00
7.430000000000000000e+03 1.031807904985262425e+00
7.450000000000000000e+03 1.031316564141800285e+00
7.470000000000000000e+03 1.046971324520624247e+00
7.490000000000000000e+03 1.044276750815496202e+00
7.510000000000000000e+03 1.052285367414855788e+00
7.530000000000000000e+03 1.066884184832911586e+00
7.550000000000000000e+03 1.073534494031228581e+00
7.570000000000000000e+03 1.064246874400017973e+00
7.590000000000000000e+03 1.034485423273581839e+00
7.610000000000000000e+03 1.014589855138468444e+00
7.630000000000000000e+03 9.965652741745156806e-01
7.650000000000000000e+03 9.747585003582851515e-01
7.670000000000000000e+03 9.310327272239192764e-01
7.690000000000000000e+03 9.550508326160604966e-01
7.710000000000000000e+03 9.381848202575076012e-01
7.730000000000000000e+03 9.426559767658168054e-01
7.750000000000000000e+03 9.340565862984833156e-01
7.770000000000000000e+03 9.511196559111489979e-01
7.790000000000000000e+03 9.511689955794863094e-01
7.810000000000000000e+03 9.532328205542542898e-01
7.830000000000000000e+03 9.514193604810029514e-01
7.850000000000000000e+03 9.435621941102538823e-01
7.870000000000000000e+03 9.550459115866692938e-01
7.890000000000000000e+03 9.491116284462848274e-01
7.910000000000000000e+03 9.280110124755286405e-01
7.930000000000000000e+03 9.296508949112678444e-01
7.950000000000000000e+03 9.291886687723565075e-01
7.970000000000000000e+03 9.549409768343291027e-01
7.990000000000000000e+03 9.551359653827552476e-01
8.010000000000000000e+03 9.658077036172737495e-01
8.030000000000000000e+03 9.705803983256887646e-01
8.050000000000000000e+03 9.686317261481613983e-01
8.070000000000000000e+03 9.841582300181934695e-01
8.090000000000000000e+03 9.764866326877035263e-01
8.110000000000000000e+03 9.861044609020991336e-01
8.130000000000000000e+03 1.009482717940693108e+00
8.150000000000000000e+03 1.019950061981442335e+00
8.170000000000000000e+03 1.024079716740049939e+00
8.190000000000000000e+03 9.823886637345418116e-01
8.210000000000000000e+03 9.825473529294452835e-01
8.230000000000000000e+03 9.841021140080404850e-01
8.250000000000000000e+03 9.864754954083038152e-01
8.270000000000000000e+03 9.911786292267292797e-01
8.290000000000000000e+03 9.804672064453908709e-01
8.310000000000000000e+03 9.538792038685530716e-01
8.330000000000000000e+03 9.449336418026923479e-01
8.350000000000000000e+03 9.482751504531814479e-01
8.370000000000000000e+03 9.519616026840925782e-01
8.390000000000000000e+03 9.205279532471264403e-01
8.410000000000000000e+03 9.519996699740804758e-01
8.430000000000000000e+03 9.161611124390960370e-01
8.450000000000000000e+03 9.066101172089767735e-01
8.470000000000000000e+03 8.999688759653772241e-01
8.490000000000000000e+03 9.104453278670141536e-01
8.510000000000000000e+03 8.766175864654228711e-01
8.530000000000000000e+03 9.115773947946506084e-01
8.550000000000000000e+03 8.728467117510819717e-01
8.570000000000000000e+03 9.298290183642974327e-01
8.590000000000000000e+03 9.158164136986215453e-01
8.610000000000000000e+03 9.234827062705879275e-01
8.630000000000000000e+03 9.393847146471904219e-01
8.650000000000000000e+03 9.438070077475048114e-01
8.670000000000000000e+03 8.817538213658679958e-01
8.690000000000000000e+03 9.168186740477457519e-01
8.710000000000000000e+03 9.463290640932205955e-01
8.730000000000000000e+03 9.513697092780371012e-01
8.750000000000000000e+03 9.435866842188507242e-01
8.770000000000000000e+03 9.585297041582255817e-01
8.790000000000000000e+03 9.652097547285628520e-01
8.810000000000000000e+03 9.466124617056060897e-01
8.830000000000000000e+03 9.558450988721443053e-01
8.850000000000000000e+03 9.540547731233178785e-01
8.870000000000000000e+03 9.188133541221250589e-01
8.890000000000000000e+03 9.289667592952204345e-01
8.910000000000000000e+03 9.384794842720436403e-01
8.930000000000000000e+03 9.246864080162314758e-01
8.950000000000000000e+03 9.251362689047541998e-01
8.970000000000000000e+03 9.294247443027439104e-01
8.990000000000000000e+03 9.318999039109662208e-01
9.010000000000000000e+03 9.067194230013035927e-01
9.030000000000000000e+03 9.372018296165687268e-01
9.050000000000000000e+03 9.605041733404247051e-01
9.070000000000000000e+03 9.557511606987106889e-01
9.090000000000000000e+03 9.362558270217684608e-01
9.110000000000000000e+03 9.467588230272021566e-01
9.130000000000000000e+03 9.609955508554544057e-01
9.150000000000000000e+03 9.562969531941433177e-01
9.170000000000000000e+03 9.527151538385081331e-01
9.190000000000000000e+03 9.566876383444463672e-01
9.210000000000000000e+03 9.284879599179852727e-01
9.230000000000000000e+03 9.131932268047669998e-01
9.250000000000000000e+03 9.074545055063267807e-01
9.270000000000000000e+03 9.138688723309446038e-01
9.290000000000000000e+03 9.041959999971430628e-01
9.310000000000000000e+03 9.073809798570718899e-01
9.330000000000000000e+03 9.055662452076664870e-01
9.350000000000000000e+03 9.011632871085971663e-01
9.370000000000000000e+03 8.876593102181455919e-01
9.390000000000000000e+03 8.982981983543358862e-01
9.410000000000000000e+03 8.816342399934985474e-01
9.430000000000000000e+03 9.020516743996799258e-01
9.450000000000000000e+03 8.879168897009857009e-01
9.470000000000000000e+03 9.034428697151712928e-01
9.490000000000000000e+03 9.052952634265865051e-01
9.510000000000000000e+03 8.956924005121600363e-01
9.530000000000000000e+03 8.994093684866545368e-01
9.550000000000000000e+03 8.827222097229687758e-01
9.570000000000000000e+03 8.894129742669129035e-01
9.590000000000000000e+03 9.001724834223211458e-01
9.610000000000000000e+03 8.876503696511912622e-01
9.630000000000000000e+03 8.905422524697231834e-01
9.650000000000000000e+03 8.748154193060402317e-01
9.670000000000000000e+03 8.736977857772525446e-01
9.690000000000000000e+03 8.840724157832976493e-01
9.710000000000000000e+03 8.747736230216247577e-01
9.730000000000000000e+03 8.674329816335120125e-01
9.750000000000000000e+03 8.633266054503212494e-01
9.770000000000000000e+03 8.657588501611627185e-01
9.790000000000000000e+03 8.524330543280534966e-01
9.810000000000000000e+03 8.731884335984274603e-01
9.830000000000000000e+03 8.660795923102930782e-01
9.850000000000000000e+03 8.706363626250588350e-01
9.870000000000000000e+03 8.654355966116606957e-01
9.890000000000000000e+03 8.649989082977851407e-01
9.910000000000000000e+03 8.540147867460187170e-01
9.930000000000000000e+03 8.589059137477450534e-01
9.950000000000000000e+03 8.610333396771426839e-01
9.970000000000000000e+03 8.626169797070185608e-01
9.990000000000000000e+03 8.589312762606481355e-01
